   0.00000  -0.68648      0.000000   0.000000   0.000000     1      1   2     1    2    3
  -0.03006   0.00000      0.686481  -0.007702   0.000000     2      3   4     4    5    6
  -0.02254   0.00000      0.686481  -0.005777   0.000000     3      5   6     7    8    9
  -0.01503   0.00000      0.686481  -0.003851   0.000000     4      7   8    10   11   12
  -0.00751   0.00000      0.686481  -0.001926   0.000000     5      9  10    13   14   15
   0.00000   0.00000      0.686481   0.000000   0.000000     6     11  12    16   17   18
  -0.03006   1.73131      1.947677  -0.021854   1.187865     7     13  14    19   20   21
  -0.02254   1.73131      1.944682  -0.016122   1.183671     8     15  16    22   23   24
  -0.01503   1.73131      1.949728  -0.011633   1.182396     9     17  18    25   26   27
  -0.00751   1.73131      1.955089  -0.006506   1.182244    10     19  20    28   29   30
   0.00000   1.73131      1.953032   0.000000   1.184160    11     21  22    31   32   33
  -0.04953   3.46262      3.308851  -0.037127   2.253038    12     23  24    34   35   36
  -0.03715   3.46262      3.305904  -0.028178   2.244918    13     25  26    37   38   39
  -0.02477   3.46262      3.310912  -0.017499   2.246872    14     27  28    40   41   42
  -0.01238   3.46262      3.318656  -0.008343   2.250065    15     29  30    43   44   45
   0.00000   3.46262      3.323952   0.000000   2.242539    16     31  32    46   47   48
  -0.06914   5.19392      4.585248  -0.051449   3.424768    17     33  34    49   50   51
  -0.05186   5.19392      4.588321  -0.039269   3.413909    18     35  36    52   53   54
  -0.03457   5.19392      4.581745  -0.023544   3.410825    19     37  38    55   56   57
  -0.01729   5.19392      4.586614  -0.008393   3.417547    20     39  40    58   59   60
   0.00000   5.19392      4.601003   0.000000   3.412992    21     41  42    61   62   63
  -0.08883   6.92523      5.814033  -0.065236   4.639005    22     43  44    64   65   66
  -0.06662   6.92523      5.814109  -0.051079   4.621728    23     45  46    67   68   69
  -0.04441   6.92523      5.821869  -0.030917   4.617685    24     47  48    70   71   72
  -0.02221   6.92523      5.825292  -0.009568   4.615852    25     49  50    73   74   75
   0.00000   6.92523      5.844477   0.000000   4.609906    26     51  52    76   77   78
  -0.10851   8.65654      7.128671  -0.079987   5.766714    27     53  54    79   80   81
  -0.08138   8.65654      7.125892  -0.058689   5.753413    28     55  56    82   83   84
  -0.05425   8.65654      7.124555  -0.031883   5.756165    29     57  58    85   86   87
  -0.02713   8.65654      7.111501  -0.017391   5.775212    30     59  60    88   89   90
   0.00000   8.65654      7.096362   0.000000   5.789804    31     61  62    91   92   93
  -0.12819   10.38785      8.372952  -0.093948   6.971023    32     63  64    94   95   96
  -0.09614   10.38785      8.355330  -0.067610   6.976036    33     65  66    97   98   99
  -0.06409   10.38785      8.369307  -0.042825   6.960980    34     67  68    100   101   102
  -0.03205   10.38785      8.386499  -0.020703   6.945059    35     69  70    103   104   105
   0.00000   10.38785      8.400600   0.000000   6.930390    36     71  72    106   107   108
  -0.14775   12.11916      9.622711  -0.107971   8.171502    37     73  74    109   110   111
  -0.11081   12.11916      9.601801  -0.084543   8.190215    38     75  76    112   113   114
  -0.07387   12.11916      9.594009  -0.048625   8.186366    39     77  78    115   116   117
  -0.03694   12.11916      9.602016  -0.013581   8.180147    40     79  80    118   119   120
   0.00000   12.11916      9.625947   0.000000   8.155525    41     81  82    121   122   123
  -0.16731   13.85047      10.888078  -0.122169   9.351418    42     83  84    124   125   126
  -0.12548   13.85047      10.862039  -0.103880   9.378762    43     85  86    127   128   129
  -0.08366   13.85047      10.852499  -0.064625   9.389327    44     87  88    130   131   132
  -0.04183   13.85047      10.870838  -0.039397   9.361519    45     89  90    133   134   135
   0.00000   13.85047      10.862688   0.000000   9.368706    46     91  92    136   137   138
  -0.18683   15.58177      12.230702  -0.137234   10.445300    47     93  94    139   140   141
  -0.14013   15.58177      12.202298  -0.127761   10.481203    48     95  96    142   143   144
  -0.09342   15.58177      12.210313  -0.083804   10.467836    49     97  98    145   146   147
  -0.04671   15.58177      12.210800  -0.037613   10.465186    50     99  100    148   149   150
   0.00000   15.58177      12.225011   0.000000   10.442925    51     101  102    151   152   153
  -0.20622   17.31308      13.534069  -0.151858   11.587341    52     103  104    154   155   156
  -0.15466   17.31308      13.558493  -0.115946   11.559659    53     105  106    157   158   159
  -0.10311   17.31308      13.552896  -0.102167   11.567501    54     107  108    160   161   162
  -0.05155   17.31308      13.554348  -0.050722   11.563277    55     109  110    163   164   165
   0.00000   17.31308      13.557494   0.000000   11.554451    56     111  112    166   167   168
  -0.22554   19.04439      14.862254  -0.166761   12.700182    57     113  114    169   170   171
  -0.16916   19.04439      14.840584  -0.119021   12.721190    58     115  116    172   173   174
  -0.11277   19.04439      14.862936  -0.079951   12.700338    59     117  118    175   176   177
  -0.05639   19.04439      14.896992  -0.053963   12.663605    60     119  120    178   179   180
   0.00000   19.04439      14.884294   0.000000   12.673073    61     121  122    181   182   183
  -0.24478   20.77570      16.174737  -0.181488   13.831212    62     123  124    184   185   186
  -0.18359   20.77570      16.176736  -0.120307   13.829947    63     125  126    187   188   189
  -0.12239   20.77570      16.170930  -0.061594   13.831788    64     127  128    190   191   192
  -0.06120   20.77570      16.176256  -0.034818   13.832459    65     129  130    193   194   195
   0.00000   20.77570      16.182379   0.000000   13.823978    66     131  132    196   197   198
  -0.26388   22.50701      17.427690  -0.195546   15.026131    67     133  134    199   200   201
  -0.19791   22.50701      17.450494  -0.138171   15.002993    68     135  136    202   203   204
  -0.13194   22.50701      17.472494  -0.079740   14.981752    69     137  138    205   206   207
  -0.06597   22.50701      17.464045  -0.014845   14.988084    70     139  140    208   209   210
   0.00000   22.50701      17.463050   0.000000   14.992776    71     141  142    211   212   213
  -0.28295   24.23831      18.703486  -0.209861   16.197238    72     143  144    214   215   216
  -0.21221   24.23831      18.747234  -0.179768   16.150162    73     145  146    217   218   219
  -0.14147   24.23831      18.750718  -0.109153   16.149815    74     147  148    220   221   222
  -0.07074   24.23831      18.790628  -0.069799   16.108142    75     149  150    223   224   225
   0.00000   24.23831      18.782219   0.000000   16.116353    76     151  152    226   227   228
  -0.30184   25.96962      19.997828  -0.224385   17.349157    77     153  154    229   230   231
  -0.22638   25.96962      20.047040  -0.213064   17.292777    78     155  156    232   233   234
  -0.15092   25.96962      20.077422  -0.151223   17.262076    79     157  158    235   236   237
  -0.07546   25.96962      20.080174  -0.075630   17.262627    80     159  160    238   239   240
   0.00000   25.96962      20.083821   0.000000   17.258495    81     161  162    241   242   243
  -0.32059   27.70093      21.273447  -0.238698   18.519378    82     163  164    244   245   246
  -0.24044   27.70093      21.300513  -0.173921   18.491285    83     165  166    247   248   249
  -0.16029   27.70093      21.347219  -0.134333   18.439855    84     167  168    250   251   252
  -0.08015   27.70093      21.387163  -0.078802   18.397910    85     169  170    253   254   255
   0.00000   27.70093      21.377702   0.000000   18.409466    86     171  172    256   257   258
  -0.33926   29.43224      22.536176  -0.252866   19.704141    87     173  174    259   260   261
  -0.25445   29.43224      22.586429  -0.207703   19.652802    88     175  176    262   263   264
  -0.16963   29.43224      22.594110  -0.123505   19.645279    89     177  178    265   266   267
  -0.08482   29.43224      22.625399  -0.053872   19.607969    90     179  180    268   269   270
   0.00000   29.43224      22.597085   0.000000   19.638241    91     181  182    271   272   273
  -0.35789   31.16355      23.767962  -0.266687   20.920203    92     183  184    274   275   276
  -0.26842   31.16355      23.803976  -0.229291   20.879657    93     185  186    277   278   279
  -0.17894   31.16355      23.856555  -0.175404   20.830895    94     187  188    280   281   282
  -0.08947   31.16355      23.857447  -0.085846   20.833137    95     189  190    283   284   285
   0.00000   31.16355      23.837129   0.000000   20.848637    96     191  192    286   287   288
  -0.37629   32.89485      24.986298  -0.280357   22.145239    97     193  194    289   290   291
  -0.28222   32.89485      25.050171  -0.258143   22.079506    98     195  196    292   293   294
  -0.18814   32.89485      25.084296  -0.177185   22.047517    99     197  198    295   296   297
  -0.09407   32.89485      25.113425  -0.091029   22.022292    100     199  200    298   299   300
   0.00000   32.89485      25.095691   0.000000   22.038334    101     201  202    301   302   303
  -0.39453   34.62616      26.200918  -0.293986   23.380273    102     203  204    304   305   306
  -0.29590   34.62616      26.223713  -0.209539   23.356139    103     205  206    307   308   309
  -0.19726   34.62616      26.258527  -0.147274   23.317260    104     207  208    310   311   312
  -0.09863   34.62616      26.320344  -0.095561   23.260483    105     209  210    313   314   315
   0.00000   34.62616      26.339633   0.000000   23.244892    106     211  212    316   317   318
  -0.41257   36.35747      27.423191  -0.307700   24.603397    107     213  214    319   320   321
  -0.30943   36.35747      27.486229  -0.260427   24.542727    108     215  216    322   323   324
  -0.20629   36.35747      27.537507  -0.189289   24.488997    109     217  218    325   326   327
  -0.10314   36.35747      27.564760  -0.094973   24.456927    110     219  220    328   329   330
   0.00000   36.35747      27.540132   0.000000   24.489442    111     221  222    331   332   333
  -0.43050   38.08878      28.732739  -0.322394   25.721611    112     223  224    334   335   336
  -0.32288   38.08878      28.790071  -0.273573   25.673029    113     225  226    337   338   339
  -0.21525   38.08878      28.851801  -0.210119   25.612197    114     227  228    340   341   342
  -0.10763   38.08878      28.867688  -0.104048   25.601181    115     229  230    343   344   345
   0.00000   38.08878      28.848983   0.000000   25.622631    116     231  232    346   347   348
  -0.44809   39.82009      30.006811  -0.336690   26.887308    117     233  234    349   350   351
  -0.33607   39.82009      30.080823  -0.296067   26.813162    118     235  236    352   353   354
  -0.22404   39.82009      30.129094  -0.202938   26.774086    119     237  238    355   356   357
  -0.11202   39.82009      30.161889  -0.099525   26.745350    120     239  240    358   359   360
   0.00000   39.82009      30.131068   0.000000   26.786502    121     241  242    361   362   363
  -0.46530   41.55140      31.226584  -0.350376   28.105813    122     243  244    364   365   366
  -0.34897   41.55140      31.304881  -0.306707   28.031411    123     245  246    367   368   369
  -0.23265   41.55140      31.328949  -0.209949   28.016410    124     247  248    370   371   372
  -0.11632   41.55140      31.369367  -0.105152   27.985698    125     249  250    373   374   375
   0.00000   41.55140      31.335129   0.000000   28.021369    126     251  252    376   377   378
  -0.48206   43.28270      32.374374  -0.363255   29.402979    127     253  254    379   380   381
  -0.36155   43.28270      32.451557  -0.301067   29.334297    128     255  256    382   383   384
  -0.24103   43.28270      32.496289  -0.198262   29.289323    129     257  258    385   386   387
  -0.12052   43.28270      32.566999  -0.119947   29.231178    130     259  260    388   389   390
   0.00000   43.28270      32.567758   0.000000   29.237656    131     261  262    391   392   393
  -0.49829   45.01401      33.511406  -0.376013   30.702265    132     263  264    394   395   396
  -0.37372   45.01401      33.595377  -0.316536   30.631463    133     265  266    397   398   399
  -0.24915   45.01401      33.647516  -0.211023   30.589218    134     267  268    400   401   402
  -0.12457   45.01401      33.684371  -0.124769   30.555700    135     269  270    403   404   405
   0.00000   45.01401      33.684013   0.000000   30.556799    136     271  272    406   407   408
  -0.51409   46.74532      34.680994  -0.389136   31.965924    137     273  274    409   410   411
  -0.38557   46.74532      34.771848  -0.334830   31.894061    138     275  276    412   413   414
  -0.25705   46.74532      34.833683  -0.232665   31.845730    139     277  278    415   416   417
  -0.12852   46.74532      34.881223  -0.120054   31.806988    140     279  280    418   419   420
   0.00000   46.74532      34.848567   0.000000   31.839451    141     281  282    421   422   423
  -0.52932   48.47663      35.871919  -0.402499   33.224161    142     283  284    424   425   426
  -0.39699   48.47663      35.955910  -0.336175   33.145877    143     285  286    427   428   429
  -0.26466   48.47663      36.035415  -0.250819   33.083345    144     287  288    430   431   432
  -0.13233   48.47663      36.052321  -0.119916   33.079296    145     289  290    433   434   435
   0.00000   48.47663      36.094033   0.000000   33.043909    146     291  292    436   437   438
  -0.54386   50.20794      37.032399  -0.415520   34.498400    147     293  294    439   440   441
  -0.40789   50.20794      37.125182  -0.347889   34.425532    148     295  296    442   443   444
  -0.27193   50.20794      37.199966  -0.257230   34.358072    149     297  298    445   446   447
  -0.13596   50.20794      37.242550  -0.132173   34.328782    150     299  300    448   449   450
   0.00000   50.20794      37.271022   0.000000   34.313805    151     301  302    451   452   453
  -0.55773   51.93924      38.157090  -0.428140   35.760613    152     303  304    454   455   456
  -0.41830   51.93924      38.267815  -0.380162   35.689567    153     305  306    457   458   459
  -0.27887   51.93924      38.344655  -0.267027   35.660564    154     307  308    460   461   462
  -0.13943   51.93924      38.385426  -0.138450   35.625338    155     309  310    463   464   465
   0.00000   51.93924      38.380795   0.000000   35.636689    156     311  312    466   467   468
  -0.57091   53.67055      39.217028  -0.440032   37.111543    157     313  314    469   470   471
  -0.42819   53.67055      39.318682  -0.365831   37.044002    158     315  316    472   473   474
  -0.28546   53.67055      39.380311  -0.240529   37.017591    159     317  318    475   476   477
  -0.14273   53.67055      39.474951  -0.141640   36.976136    160     319  320    478   479   480
   0.00000   53.67055      39.464449   0.000000   36.984877    161     321  322    481   482   483
  -0.58317   55.40186      40.267784  -0.451822   38.488652    162     323  324    484   485   486
  -0.43738   55.40186      40.365932  -0.381391   38.413667    163     325  326    487   488   489
  -0.29159   55.40186      40.386767  -0.237273   38.409400    164     327  328    490   491   492
  -0.14579   55.40186      40.485243  -0.142523   38.357804    165     329  330    493   494   495
   0.00000   55.40186      40.478513   0.000000   38.389132    166     331  332    496   497   498
  -0.59459   57.13317      41.287919  -0.463269   39.846917    167     333  334    499   500   501
  -0.44594   57.13317      41.399313  -0.386122   39.790425    168     335  336    502   503   504
  -0.29729   57.13317      41.494968  -0.287174   39.733553    169     337  338    505   506   507
  -0.14865   57.13317      41.516970  -0.146065   39.727630    170     339  340    508   509   510
   0.00000   57.13317      41.533936   0.000000   39.738382    171     341  342    511   512   513
  -0.60516   58.86448      42.280385  -0.474405   41.217270    172     343  344    514   515   516
  -0.45387   58.86448      42.411590  -0.420609   41.167784    173     345  346    517   518   519
  -0.30258   58.86448      42.488570  -0.293355   41.140808    174     347  348    520   521   522
  -0.15129   58.86448      42.537349  -0.151308   41.122828    175     349  350    523   524   525
   0.00000   58.86448      42.533081   0.000000   41.132618    176     351  352    526   527   528
  -0.61483   60.59578      43.221251  -0.484962   42.651255    177     353  354    529   530   531
  -0.46113   60.59578      43.345075  -0.415491   42.590069    178     355  356    532   533   534
  -0.30742   60.59578      43.421916  -0.282282   42.575532    179     357  358    535   536   537
  -0.15371   60.59578      43.499808  -0.151872   42.550804    180     359  360    538   539   540
   0.00000   60.59578      43.486103   0.000000   42.574227    181     361  362    541   542   543
  -0.62348   62.32709      44.136936  -0.495236   44.098120    182     363  364    544   545   546
  -0.46761   62.32709      44.271278  -0.445060   44.036549    183     365  366    547   548   549
  -0.31174   62.32709      44.317425  -0.296429   44.030773    184     367  368    550   551   552
  -0.15587   62.32709      44.379452  -0.153480   44.024071    185     369  370    553   554   555
   0.00000   62.32709      44.371733   0.000000   44.050432    186     371  372    556   557   558
  -0.63112   64.05840      44.948298  -0.504340   45.599848    187     373  374    559   560   561
  -0.47334   64.05840      45.084723  -0.437955   45.554957    188     375  376    562   563   564
  -0.31556   64.05840      45.163197  -0.304039   45.525949    189     377  378    565   566   567
  -0.15778   64.05840      45.216022  -0.155368   45.515943    190     379  380    568   569   570
   0.00000   64.05840      45.214387   0.000000   45.544203    191     381  382    571   572   573
  -0.63751   65.78971      45.734914  -0.513166   47.134668    192     383  384    574   575   576
  -0.47813   65.78971      45.856079  -0.422944   47.082116    193     385  386    577   578   579
  -0.31876   65.78971      45.965683  -0.309966   47.053647    194     387  388    580   581   582
  -0.15938   65.78971      46.010353  -0.157393   47.040517    195     389  390    583   584   585
   0.00000   65.78971      45.996020   0.000000   47.064164    196     391  392    586   587   588
  -0.64289   67.52102      46.465800  -0.521367   48.674403    197     393  394    589   590   591
  -0.48217   67.52102      46.591101  -0.425944   48.639347    198     395  396    592   593   594
  -0.32145   67.52102      46.691374  -0.306386   48.606820    199     397  398    595   596   597
  -0.16072   67.52102      46.752994  -0.157909   48.601527    200     399  400    598   599   600
   0.00000   67.52102      46.743413   0.000000   48.612279    201     401  402    601   602   603
  -0.64708   69.25233      47.105412  -0.528544   50.252220    202     403  404    604   605   606
  -0.48531   69.25233      47.237280  -0.436017   50.231733    203     405  406    607   608   609
  -0.32354   69.25233      47.335331  -0.308524   50.209498    204     407  408    610   611   612
  -0.16177   69.25233      47.395808  -0.159056   50.193472    205     409  410    613   614   615
   0.00000   69.25233      47.377653   0.000000   50.220381    206     411  412    616   617   618
  -0.65015   70.98363      47.638056  -0.534520   51.887781    207     413  414    619   620   621
  -0.48761   70.98363      47.768059  -0.440261   51.861729    208     415  416    622   623   624
  -0.32507   70.98363      47.867309  -0.312350   51.851465    209     417  418    625   626   627
  -0.16254   70.98363      47.920286  -0.158459   51.845487    210     419  420    628   629   630
   0.00000   70.98363      47.884890   0.000000   51.860515    211     421  422    631   632   633
  -0.65207   72.71494      48.126455  -0.540000   53.550694    212     423  424    634   635   636
  -0.48905   72.71494      48.245070  -0.433095   53.516115    213     425  426    637   638   639
  -0.32604   72.71494      48.340068  -0.302391   53.503159    214     427  428    640   641   642
  -0.16302   72.71494      48.417728  -0.159208   53.497875    215     429  430    643   644   645
   0.00000   72.71494      48.384919   0.000000   53.518219    216     431  432    646   647   648
  -0.65280   74.44625      48.611625  -0.545444   55.214536    217     433  434    649   650   651
  -0.48960   74.44625      48.615272  -0.421974   55.209359    218     435  436    652   653   654
  -0.32640   74.44625      48.736714  -0.320616   55.186887    219     437  438    655   656   657
  -0.16320   74.44625      48.774996  -0.161785   55.187228    220     439  440    658   659   660
   0.00000   74.44625      48.753879   0.000000   55.200624    221     441  442    661   662   663
  -0.65219   76.17756      48.910376  -0.548796   56.920162    222     443  444    664   665   666
  -0.48914   76.17756      49.052300  -0.470843   56.897360    223     445  446    667   668   669
  -0.32610   76.17756      49.081821  -0.310730   56.887255    224     447  448    670   671   672
  -0.16305   76.17756      49.126423  -0.154933   56.882090    225     449  450    673   674   675
   0.00000   76.17756      49.077367   0.000000   56.896936    226     451  452    676   677   678
  -0.65039   77.90887      49.192072  -0.551957   58.629852    227     453  454    679   680   681
  -0.48779   77.90887      49.322746  -0.456403   58.608571    228     455  456    682   683   684
  -0.32519   77.90887      49.410816  -0.323784   58.596171    229     457  458    685   686   687
  -0.16260   77.90887      49.412475  -0.161065   58.594009    230     459  460    688   689   690
   0.00000   77.90887      49.390662   0.000000   58.601521    231     461  462    691   692   693
  -0.64743   79.64017      49.483818  -0.555230   60.337001    232     463  464    694   695   696
  -0.48558   79.64017      49.612832  -0.459308   60.316637    233     465  466    697   698   699
  -0.32372   79.64017      49.667354  -0.306798   60.311018    234     467  468    700   701   702
  -0.16186   79.64017      49.676887  -0.145476   60.310894    235     469  470    703   704   705
   0.00000   79.64017      49.608171   0.000000   60.320743    236     471  472    706   707   708
  -0.64330   81.37148      49.703258  -0.557693   62.047052    237     473  474    709   710   711
  -0.48248   81.37148      49.837326  -0.468589   62.040153    238     475  476    712   713   714
  -0.32165   81.37148      49.864168  -0.311087   62.035138    239     477  478    715   716   717
  -0.16083   81.37148      49.868155  -0.150076   62.037007    240     479  480    718   719   720
   0.00000   81.37148      49.811867   0.000000   62.041441    241     481  482    721   722   723
  -0.63809   83.10279      49.796931  -0.558744   63.773167    242     483  484    724   725   726
  -0.47857   83.10279      49.913369  -0.449041   63.770846    243     485  486    727   728   729
  -0.31904   83.10279      49.991351  -0.309763   63.769409    244     487  488    730   731   732
  -0.15952   83.10279      49.973812  -0.150690   63.767207    245     489  490    733   734   735
   0.00000   83.10279      49.920691   0.000000   63.771455    246     491  492    736   737   738
  -0.63174   84.83410      49.815551  -0.558953   65.503967    247     493  494    739   740   741
  -0.47380   84.83410      49.933359  -0.454481   65.504959    248     495  496    742   743   744
  -0.31587   84.83410      49.990130  -0.307215   65.506126    249     497  498    745   746   747
  -0.15793   84.83410      49.980775  -0.149249   65.506786    250     499  500    748   749   750
   0.00000   84.83410      49.927535   0.000000   65.503476    251     501  502    751   752   753
  -0.62420   86.56541      49.696393  -0.557616   67.226121    252     503  504    754   755   756
  -0.46815   86.56541      49.817197  -0.459784   67.240522    253     505  506    757   758   759
  -0.31210   86.56541      49.852983  -0.308287   67.240364    254     507  508    760   761   762
  -0.15605   86.56541      49.826452  -0.154539   67.235347    255     509  510    763   764   765
   0.00000   86.56541      49.802742   0.000000   67.232931    256     511  512    766   767   768
  -0.61558   88.29672      49.453116  -0.554886   68.934194    257     513  514    769   770   771
  -0.46169   88.29672      49.551122  -0.437454   68.954813    258     515  516    772   773   774
  -0.30779   88.29672      49.606715  -0.293894   68.961202    259     517  518    775   776   777
  -0.15390   88.29672      49.610091  -0.140099   68.957855    260     519  520    778   779   780
   0.00000   88.29672      49.546490   0.000000   68.948513    261     521  522    781   782   783
  -0.60598   90.02802      49.093920  -0.550856   70.627144    262     523  524    784   785   786
  -0.45448   90.02802      49.170199  -0.420960   70.644910    263     525  526    787   788   789
  -0.30299   90.02802      49.252410  -0.294760   70.665618    264     527  528    790   791   792
  -0.15149   90.02802      49.242215  -0.144493   70.659544    265     529  530    793   794   795
   0.00000   90.02802      49.197564   0.000000   70.646694    266     531  532    796   797   798
  -0.59547   91.75933      48.638920  -0.545750   72.298853    267     533  534    799   800   801
  -0.44660   91.75933      48.722209  -0.430826   72.321887    268     535  536    802   803   804
  -0.29774   91.75933      48.760660  -0.287210   72.331732    269     537  538    805   806   807
  -0.14887   91.75933      48.777890  -0.139273   72.337117    270     539  540    808   809   810
   0.00000   91.75933      48.728534   0.000000   72.316927    271     541  542    811   812   813
  -0.58401   93.49064      48.065899  -0.539321   73.933673    272     543  544    814   815   816
  -0.43801   93.49064      48.142590  -0.418136   73.962150    273     545  546    817   818   819
  -0.29201   93.49064      48.191616  -0.281307   73.974819    274     547  548    820   821   822
  -0.14600   93.49064      48.179969  -0.137884   73.966049    275     549  550    823   824   825
   0.00000   93.49064      48.133850   0.000000   73.948020    276     551  552    826   827   828
  -0.57174   95.22195      47.377858  -0.531601   75.519830    277     553  554    829   830   831
  -0.42880   95.22195      47.458327  -0.419408   75.557314    278     555  556    832   833   834
  -0.28587   95.22195      47.486358  -0.281425   75.567732    279     557  558    835   836   837
  -0.14293   95.22195      47.462607  -0.141623   75.550944    280     559  560    838   839   840
   0.00000   95.22195      47.445895   0.000000   75.541085    281     561  562    841   842   843
  -0.55788   96.95326      46.598947  -0.522861   77.066564    282     563  564    844   845   846
  -0.41841   96.95326      46.645025  -0.393569   77.092054    283     565  566    847   848   849
  -0.27894   96.95326      46.698813  -0.266729   77.115454    284     567  568    850   851   852
  -0.13947   96.95326      46.668781  -0.131375   77.098417    285     569  570    853   854   855
   0.00000   96.95326      46.628719   0.000000   77.072901    286     571  572    856   857   858
  -0.54319   98.68456      45.701723  -0.512794   78.548628    287     573  574    859   860   861
  -0.40739   98.68456      45.759733  -0.395431   78.584964    288     575  576    862   863   864
  -0.27160   98.68456      45.784635  -0.262070   78.597642    289     577  578    865   866   867
  -0.13580   98.68456      45.764318  -0.129472   78.578937    290     579  580    868   869   870
   0.00000   98.68456      45.729451   0.000000   78.556401    291     581  582    871   872   873
  -0.52789   100.41587      44.709488  -0.501660   79.968623    292     583  584    874   875   876
  -0.39591   100.41587      44.759403  -0.383794   80.002423    293     585  586    877   878   879
  -0.26394   100.41587      44.785531  -0.255776   80.019175    294     587  588    880   881   882
  -0.13197   100.41587      44.779187  -0.124060   80.010161    295     589  590    883   884   885
   0.00000   100.41587      44.743145   0.000000   79.982273    296     591  592    886   887   888
  -0.51252   102.14718      43.642394  -0.489687   81.331889    297     593  594    889   890   891
  -0.38439   102.14718      43.681538  -0.371474   81.363859    298     595  596    892   893   894
  -0.25626   102.14718      43.715431  -0.250458   81.387361    299     597  598    895   896   897
  -0.12813   102.14718      43.693183  -0.126008   81.366236    300     599  600    898   899   900
   0.00000   102.14718      43.675863   0.000000   81.349243    301     601  602    901   902   903
  -0.49707   103.87849      42.553986  -0.477475   82.679834    302     603  604    904   905   906
  -0.37280   103.87849      42.588672  -0.361388   82.708396    303     605  606    907   908   909
  -0.24854   103.87849      42.603978  -0.238569   82.722428    304     607  608    910   911   912
  -0.12427   103.87849      42.601912  -0.114642   82.715702    305     609  610    913   914   915
   0.00000   103.87849      42.566868   0.000000   82.682797    306     611  612    916   917   918
  -0.48120   105.60980      41.400657  -0.464534   83.972868    307     613  614    919   920   921
  -0.36090   105.60980      41.430142  -0.354689   84.001204    308     615  616    922   923   924
  -0.24060   105.60980      41.448057  -0.236563   84.015940    309     617  618    925   926   927
  -0.12030   105.60980      41.441269  -0.116304   84.009007    310     619  620    928   929   930
   0.00000   105.60980      41.420581   0.000000   83.985029    311     621  622    931   932   933
  -0.46490   107.34110      40.151805  -0.450521   85.174398    312     623  624    934   935   936
  -0.34868   107.34110      40.178262  -0.339988   85.202052    313     625  626    937   938   939
  -0.23245   107.34110      40.204775  -0.229849   85.229024    314     627  628    940   941   942
  -0.11623   107.34110      40.214406  -0.114745   85.235164    315     629  630    943   944   945
   0.00000   107.34110      40.202262   0.000000   85.221343    316     631  632    946   947   948
  -0.44816   109.07241      38.850847  -0.435924   86.320221    317     633  634    949   950   951
  -0.33612   109.07241      38.876016  -0.329818   86.347222    318     635  636    952   953   954
  -0.22408   109.07241      38.898391  -0.222366   86.370109    319     637  638    955   956   957
  -0.11204   109.07241      38.907416  -0.110940   86.378612    320     639  640    958   959   960
   0.00000   109.07241      38.897283   0.000000   86.364139    321     641  642    961   962   963
  -0.43109   110.80372      37.473946  -0.420474   87.372820    322     643  644    964   965   966
  -0.32332   110.80372      37.501187  -0.321948   87.406885    323     645  646    967   968   969
  -0.21555   110.80372      37.511267  -0.215014   87.416848    324     647  648    970   971   972
  -0.10777   110.80372      37.508192  -0.107878   87.405676    325     649  650    973   974   975
   0.00000   110.80372      37.510941   0.000000   87.405307    326     651  652    976   977   978
  -0.41370   112.53503      36.016672  -0.404123   88.307994    327     653  654    979   980   981
  -0.31027   112.53503      36.032768  -0.305387   88.333919    328     655  656    982   983   984
  -0.20685   112.53503      36.041918  -0.202284   88.339119    329     657  658    985   986   987
  -0.10342   112.53503      36.032159  -0.102158   88.319872    330     659  660    988   989   990
   0.00000   112.53503      36.025359   0.000000   88.301431    331     661  662    991   992   993
  -0.39597   114.26634      34.494877  -0.387048   89.134809    332     663  664    994   995   996
  -0.29698   114.26634      34.501184  -0.288836   89.145776    333     665  666    997   998   999
  -0.19799   114.26634      34.514262  -0.193187   89.166308    334     667  668    1000   1001   1002
  -0.09899   114.26634      34.507008  -0.096187   89.146411    335     669  670    1003   1004   1005
   0.00000   114.26634      34.498281   0.000000   89.126308    336     671  672    1006   1007   1008
  -0.37797   115.99765      32.920897  -0.369387   89.859078    337     673  674    1009   1010   1011
  -0.28348   115.99765      32.935023  -0.278571   89.881884    338     675  676    1012   1013   1014
  -0.18899   115.99765      32.929782  -0.184225   89.876814    339     677  678    1015   1016   1017
  -0.09449   115.99765      32.926839  -0.091284   89.862366    340     679  680    1018   1019   1020
   0.00000   115.99765      32.933680   0.000000   89.872033    341     681  682    1021   1022   1023
  -0.35971   117.72895      31.331204  -0.351550   90.547271    342     683  684    1024   1025   1026
  -0.26978   117.72895      31.332638  -0.261504   90.544623    343     685  686    1027   1028   1029
  -0.17985   117.72895      31.324786  -0.176262   90.520674    344     687  688    1030   1031   1032
  -0.08993   117.72895      31.329875  -0.088906   90.541021    345     689  690    1033   1034   1035
   0.00000   117.72895      31.338461   0.000000   90.553416    346     691  692    1036   1037   1038
  -0.34118   119.46026      29.720381  -0.333476   91.183159    347     693  694    1039   1040   1041
  -0.25588   119.46026      29.718247  -0.248817   91.178654    348     695  696    1042   1043   1044
  -0.17059   119.46026      29.729752  -0.168253   91.204859    349     697  698    1045   1046   1047
  -0.08529   119.46026      29.735172  -0.084191   91.214207    350     699  700    1048   1049   1050
   0.00000   119.46026      29.731345   0.000000   91.203485    351     701  702    1051   1052   1053
  -0.32251   121.19157      28.098495  -0.315278   91.791338    352     703  704    1054   1055   1056
  -0.24188   121.19157      28.104942  -0.236442   91.807332    353     705  706    1057   1058   1059
  -0.16126   121.19157      28.109301  -0.157913   91.821713    354     707  708    1060   1061   1062
  -0.08063   121.19157      28.111486  -0.077216   91.823870    355     709  710    1063   1064   1065
   0.00000   121.19157      28.120664   0.000000   91.845768    356     711  712    1066   1067   1068
  -0.30365   122.92288      26.463746  -0.296935   92.367036    357     713  714    1069   1070   1071
  -0.22774   122.92288      26.464548  -0.222093   92.366415    358     715  716    1072   1073   1074
  -0.15183   122.92288      26.467052  -0.146782   92.370948    359     717  718    1075   1076   1077
  -0.07591   122.92288      26.472810  -0.073555   92.390786    360     719  720    1078   1079   1080
   0.00000   122.92288      26.480216   0.000000   92.407239    361     721  722    1081   1082   1083
  -0.28461   124.65419      24.808483  -0.278362   92.880669    362     723  724    1084   1085   1086
  -0.21346   124.65419      24.809666  -0.207994   92.871704    363     725  726    1087   1088   1089
  -0.14231   124.65419      24.804516  -0.137436   92.864526    364     727  728    1090   1091   1092
  -0.07115   124.65419      24.808583  -0.066472   92.871897    365     729  730    1093   1094   1095
   0.00000   124.65419      24.803707   0.000000   92.853212    366     731  732    1096   1097   1098
  -0.26552   126.38549      23.122973  -0.259450   93.278397    367     733  734    1099   1100   1101
  -0.19914   126.38549      23.127211  -0.195675   93.296482    368     735  736    1102   1103   1104
  -0.13276   126.38549      23.131811  -0.129945   93.305798    369     737  738    1105   1106   1107
  -0.06638   126.38549      23.129755  -0.063543   93.308413    370     739  740    1108   1109   1110
   0.00000   126.38549      23.127123   0.000000   93.294076    371     741  742    1111   1112   1113
  -0.24622   128.11680      21.415404  -0.240290   93.573625    372     743  744    1114   1115   1116
  -0.18467   128.11680      21.416823  -0.180012   93.585949    373     745  746    1117   1118   1119
  -0.12311   128.11680      21.417030  -0.119122   93.584405    374     747  748    1120   1121   1122
  -0.06156   128.11680      21.421441  -0.058997   93.593207    375     749  750    1123   1124   1125
   0.00000   128.11680      21.417399   0.000000   93.577173    376     751  752    1126   1127   1128
  -0.22685   129.84811      19.693325  -0.220968   93.773436    377     753  754    1129   1130   1131
  -0.17014   129.84811      19.697007  -0.168279   93.794601    378     755  756    1132   1133   1134
  -0.11342   129.84811      19.697439  -0.111787   93.799735    379     757  758    1135   1136   1137
  -0.05671   129.84811      19.698588  -0.056584   93.799992    380     759  760    1138   1139   1140
   0.00000   129.84811      19.698455   0.000000   93.795358    381     761  762    1141   1142   1143
  -0.20733   131.57942      17.968509  -0.201615   93.937574    382     763  764    1144   1145   1146
  -0.15550   131.57942      17.967599  -0.150049   93.941856    383     765  766    1147   1148   1149
  -0.10367   131.57942      17.970577  -0.101295   93.944040    384     767  768    1150   1151   1152
  -0.05183   131.57942      17.970567  -0.050211   93.939751    385     769  770    1153   1154   1155
   0.00000   131.57942      17.970378   0.000000   93.927733    386     771  772    1156   1157   1158
  -0.18778   133.31073      16.242297  -0.182246   94.087035    387     773  774    1159   1160   1161
  -0.14084   133.31073      16.243475  -0.135382   94.089635    388     775  776    1162   1163   1164
  -0.09389   133.31073      16.240766  -0.089292   94.082585    389     777  778    1165   1166   1167
  -0.04695   133.31073      16.244314  -0.046860   94.100768    390     779  780    1168   1169   1170
   0.00000   133.31073      16.246144   0.000000   94.106736    391     781  782    1171   1172   1173
  -0.16810   135.04203      14.518953  -0.162909   94.259904    392     783  784    1174   1175   1176
  -0.12608   135.04203      14.518285  -0.120758   94.261069    393     785  786    1177   1178   1179
  -0.08405   135.04203      14.518010  -0.082760   94.243034    394     787  788    1180   1181   1182
  -0.04203   135.04203      14.517346  -0.041031   94.243218    395     789  790    1183   1184   1185
   0.00000   135.04203      14.517714   0.000000   94.236683    396     791  792    1186   1187   1188
  -0.14843   136.77334      12.795466  -0.143571   94.434607    397     793  794    1189   1190   1191
  -0.11132   136.77334      12.797695  -0.106394   94.434745    398     795  796    1192   1193   1194
  -0.07421   136.77334      12.793073  -0.072434   94.421263    399     797  798    1195   1196   1197
  -0.03711   136.77334      12.796025  -0.036881   94.424577    400     799  800    1198   1199   1200
   0.00000   136.77334      12.794928   0.000000   94.423595    401     801  802    1201   1202   1203
  -0.12875   138.50465      11.070163  -0.124212   94.595511    402     803  804    1204   1205   1206
  -0.09656   138.50465      11.069403  -0.092072   94.597628    403     805  806    1207   1208   1209
  -0.06438   138.50465      11.071140  -0.061555   94.587401    404     807  808    1210   1211   1212
  -0.03219   138.50465      11.068818  -0.029521   94.584613    405     809  810    1213   1214   1215
   0.00000   138.50465      11.070790   0.000000   94.595684    406     811  812    1216   1217   1218
  -0.10896   140.23596      9.344505  -0.104850   94.747767    407     813  814    1219   1220   1221
  -0.08172   140.23596      9.343641  -0.078944   94.739058    408     815  816    1222   1223   1224
  -0.05448   140.23596      9.341694  -0.052585   94.732228    409     817  818    1225   1226   1227
  -0.02724   140.23596      9.343991  -0.025414   94.730790    410     819  820    1228   1229   1230
   0.00000   140.23596      9.341637   0.000000   94.732206    411     821  822    1231   1232   1233
  -0.08917   141.96727      7.614166  -0.085434   94.827797    412     823  824    1234   1235   1236
  -0.06687   141.96727      7.614085  -0.064141   94.833369    413     825  826    1237   1238   1239
  -0.04458   141.96727      7.613240  -0.041789   94.834220    414     827  828    1240   1241   1242
  -0.02229   141.96727      7.611331  -0.021907   94.844276    415     829  830    1243   1244   1245
   0.00000   141.96727      7.613995   0.000000   94.847838    416     831  832    1246   1247   1248
  -0.06937   143.69858      5.881566  -0.065994   94.848359    417     833  834    1249   1250   1251
  -0.05202   143.69858      5.885384  -0.049900   94.849939    418     835  836    1252   1253   1254
  -0.03468   143.69858      5.880392  -0.034393   94.855941    419     837  838    1255   1256   1257
  -0.01734   143.69858      5.880682  -0.017417   94.852054    420     839  840    1258   1259   1260
   0.00000   143.69858      5.880040   0.000000   94.851439    421     841  842    1261   1262   1263
  -0.04971   145.42988      4.150470  -0.046570   94.798926    422     843  844    1264   1265   1266
  -0.03728   145.42988      4.151905  -0.034352   94.797810    423     845  846    1267   1268   1269
  -0.02485   145.42988      4.153189  -0.022328   94.794485    424     847  848    1270   1271   1272
  -0.01243   145.42988      4.147977  -0.011869   94.790141    425     849  850    1273   1274   1275
   0.00000   145.42988      4.149266   0.000000   94.786911    426     851  852    1276   1277   1278
  -0.03023   147.16119      2.418992  -0.027142   94.728091    427     853  854    1279   1280   1281
  -0.02267   147.16119      2.419306  -0.020583   94.724643    428     855  856    1282   1283   1284
  -0.01512   147.16119      2.420175  -0.013252   94.724819    429     857  858    1285   1286   1287
  -0.00756   147.16119      2.418393  -0.007563   94.721885    430     859  860    1288   1289   1290
   0.00000   147.16119      2.418843   0.000000   94.721606    431     861  862    1291   1292   1293
  -0.03023   148.89250      0.686481  -0.007702   94.726052    432     863  864    1294   1295   1296
  -0.02267   148.89250      0.686481  -0.005777   94.726052    433     865  866    1297   1298   1299
  -0.01512   148.89250      0.686481  -0.003851   94.726052    434     867  868    1300   1301   1302
  -0.00756   148.89250      0.686481  -0.001926   94.726052    435     869  870    1303   1304   1305
   0.00000   148.89250      0.686481   0.000000   94.726052    436     871  872    1306   1307   1308
   0.00000   149.57898      0.000000   0.000000   94.726052    437     873  874    1309   1310   1311
